MontoTotalDirectosSinE500	0
TotalMontoDirectosE500Campo	0
TotalHorasDirectosE500Campo	0

1.3.1	0.00
1.3.2	0.00
1.3.3	0.00
1.3.4	0.00

FC1.1	0	0	0	0	0

FC1.1	1.3.1	146.00	0	0.00	0.0370971481567354511342320805	0.00
FC1.1	1.3.2	12.88	0	0.00	0.0370971481567354511342320805	0.00
FC1.1	1.3.3	25.76	0	0.00	0.0370971481567354511342320805	0.00
FC1.1	1.3.4	10.31	0	0.00	0.0370971481567354511342320805	0.00

FC1.2	0	0	0	0	0

FC1.2	1.3.1	146.00	0	0.00	0.1500245153852450519361211008	0.00
FC1.2	1.3.2	12.88	0	0.00	0.1500245153852450519361211008	0.00
FC1.2	1.3.3	25.76	0	0.00	0.1500245153852450519361211008	0.00
FC1.2	1.3.4	10.31	0	0.00	0.1500245153852450519361211008	0.00

FC1.4	0	0	0	0	0

FC1.4	1.3.1	146.00	0	0.00	0.0150819064487342685605467491	0.00
FC1.4	1.3.2	12.88	0	0.00	0.0150819064487342685605467491	0.00
FC1.4	1.3.3	25.76	0	0.00	0.0150819064487342685605467491	0.00
FC1.4	1.3.4	10.31	0	0.00	0.0150819064487342685605467491	0.00

FC8.11	0	0	0	0	0

FC8.11	1.3.1	146.00	0	0.00	0.0231857175979596569588950503	0.00
FC8.11	1.3.2	12.88	0	0.00	0.0231857175979596569588950503	0.00
FC8.11	1.3.3	25.76	0	0.00	0.0231857175979596569588950503	0.00
FC8.11	1.3.4	10.31	0	0.00	0.0231857175979596569588950503	0.00

FC8.12	0	0	0	0	0

FC8.12	1.3.1	146.00	0	0.00	0.0201092085983123576170146469	0.00
FC8.12	1.3.2	12.88	0	0.00	0.0201092085983123576170146469	0.00
FC8.12	1.3.3	25.76	0	0.00	0.0201092085983123576170146469	0.00
FC8.12	1.3.4	10.31	0	0.00	0.0201092085983123576170146469	0.00

FC8.9	0	0	0	0	0

FC8.9	1.3.1	146.00	0	0.00	0.7545015038130132137931903724	0.00
FC8.9	1.3.2	12.88	0	0.00	0.7545015038130132137931903724	0.00
FC8.9	1.3.3	25.76	0	0.00	0.7545015038130132137931903724	0.00
FC8.9	1.3.4	10.31	0	0.00	0.7545015038130132137931903724	0.00
