ColaboresDescuentos	1957
ColaboradoresAplicaViatico	1957
MontoTotalDirectosSinE500Campo	0
TotalMontoDirectosE500Campo	0
TotalHorasDirectosE500Campo	0

1.3.1	0.00
1.3.2	0.00
1.3.3	0.00
1.3.4	0.00

FC1.1	0	0	0	0	0

FC1.1	1.3.1	146.00	0	0.00	0.0193534516165439546932007045	0.00
FC1.1	1.3.2	12.88	0	0.00	0.0193534516165439546932007045	0.00
FC1.1	1.3.3	25.76	0	0.00	0.0193534516165439546932007045	0.00
FC1.1	1.3.4	10.31	0	0.00	0.0193534516165439546932007045	0.00

FC10.28	0	0	0	0	0

FC10.28	1.3.1	146.00	0	0.00	0.8178436944252536012882131055	0.00
FC10.28	1.3.2	12.88	0	0.00	0.8178436944252536012882131055	0.00
FC10.28	1.3.3	25.76	0	0.00	0.8178436944252536012882131055	0.00
FC10.28	1.3.4	10.31	0	0.00	0.8178436944252536012882131055	0.00

FC5.2	0	0	0	0	0

FC5.2	1.3.1	146.00	0	0.00	0.0428538185836386728171067998	0.00
FC5.2	1.3.2	12.88	0	0.00	0.0428538185836386728171067998	0.00
FC5.2	1.3.3	25.76	0	0.00	0.0428538185836386728171067998	0.00
FC5.2	1.3.4	10.31	0	0.00	0.0428538185836386728171067998	0.00

FC8.14	0	0	0	0	0

FC8.14	1.3.1	146.00	0	0.00	0.1071345464590966830572473719	0.00
FC8.14	1.3.2	12.88	0	0.00	0.1071345464590966830572473719	0.00
FC8.14	1.3.3	25.76	0	0.00	0.1071345464590966830572473719	0.00
FC8.14	1.3.4	10.31	0	0.00	0.1071345464590966830572473719	0.00

FC8.9	0	0	0	0	0

FC8.9	1.3.1	146.00	0	0.00	0.0128144889154670881442320182	0.00
FC8.9	1.3.2	12.88	0	0.00	0.0128144889154670881442320182	0.00
FC8.9	1.3.3	25.76	0	0.00	0.0128144889154670881442320182	0.00
FC8.9	1.3.4	10.31	0	0.00	0.0128144889154670881442320182	0.00
