ColaboresDescuentos	
ColaboradoresAplicaViatico	
MontoTotalDirectosSinE500Campo	0
TotalMontoDirectosE500Campo	0
TotalHorasDirectosE500Campo	0

1.3.1	0.00
1.3.2	0.00
1.3.3	0.00
1.3.4	0.00

FC1.1	0	0	0	0	0

FC1.1	1.3.1	146.00	0	0.00	0.0561280323277597033473659096	0.00
FC1.1	1.3.2	12.88	0	0.00	0.0561280323277597033473659096	0.00
FC1.1	1.3.3	25.76	0	0.00	0.0561280323277597033473659096	0.00
FC1.1	1.3.4	10.31	0	0.00	0.0561280323277597033473659096	0.00

FC10.28	0	0	0	0	0

FC10.28	1.3.1	146.00	0	0.00	0.7028110727005380123249966559	0.00
FC10.28	1.3.2	12.88	0	0.00	0.7028110727005380123249966559	0.00
FC10.28	1.3.3	25.76	0	0.00	0.7028110727005380123249966559	0.00
FC10.28	1.3.4	10.31	0	0.00	0.7028110727005380123249966559	0.00

FC5.2	0	0	0	0	0

FC5.2	1.3.1	146.00	0	0.00	0.1205304474858511421638187172	0.00
FC5.2	1.3.2	12.88	0	0.00	0.1205304474858511421638187172	0.00
FC5.2	1.3.3	25.76	0	0.00	0.1205304474858511421638187172	0.00
FC5.2	1.3.4	10.31	0	0.00	0.1205304474858511421638187172	0.00

FC8.14	0	0	0	0	0

FC8.14	1.3.1	146.00	0	0.00	0.1205304474858511421638187172	0.00
FC8.14	1.3.2	12.88	0	0.00	0.1205304474858511421638187172	0.00
FC8.14	1.3.3	25.76	0	0.00	0.1205304474858511421638187172	0.00
FC8.14	1.3.4	10.31	0	0.00	0.1205304474858511421638187172	0.00
