ColaboresDescuentos	
ColaboradoresAplicaViatico	
MontoTotalDirectosSinE500Campo	0
TotalMontoDirectosE500Campo	0
TotalHorasDirectosE500Campo	0

1.3.1	0.00
1.3.2	0.00
1.3.3	0.00
1.3.4	0.00

FC1.1	0	0	0	0	0

FC1.1	1.3.1	146.00	0	0.00	0.0217254847259031943088296834	0.00
FC1.1	1.3.2	12.88	0	0.00	0.0217254847259031943088296834	0.00
FC1.1	1.3.3	25.76	0	0.00	0.0217254847259031943088296834	0.00
FC1.1	1.3.4	10.31	0	0.00	0.0217254847259031943088296834	0.00

FC10.28	0	0	0	0	0

FC10.28	1.3.1	146.00	0	0.00	0.8562212302971125680011159157	0.00
FC10.28	1.3.2	12.88	0	0.00	0.8562212302971125680011159157	0.00
FC10.28	1.3.3	25.76	0	0.00	0.8562212302971125680011159157	0.00
FC10.28	1.3.4	10.31	0	0.00	0.8562212302971125680011159157	0.00

FC5.2	0	0	0	0	0

FC5.2	1.3.1	146.00	0	0.00	0.0348723671362812107685869717	0.00
FC5.2	1.3.2	12.88	0	0.00	0.0348723671362812107685869717	0.00
FC5.2	1.3.3	25.76	0	0.00	0.0348723671362812107685869717	0.00
FC5.2	1.3.4	10.31	0	0.00	0.0348723671362812107685869717	0.00

FC8.14	0	0	0	0	0

FC8.14	1.3.1	146.00	0	0.00	0.0871809178407030269214674292	0.00
FC8.14	1.3.2	12.88	0	0.00	0.0871809178407030269214674292	0.00
FC8.14	1.3.3	25.76	0	0.00	0.0871809178407030269214674292	0.00
FC8.14	1.3.4	10.31	0	0.00	0.0871809178407030269214674292	0.00
