ColaboresDescuentos	1957
ColaboradoresAplicaViatico	1957
MontoTotalDirectosSinE500	0
TotalMontoDirectosE500Campo	0
TotalHorasDirectosE500Campo	0

1.3.1	0.00
1.3.2	0.00
1.3.3	0.00
1.3.4	0.00

FC1.1	0	0	0	0	0

FC1.1	1.3.1	146.00	0	0.00	0.1389311277535150421467075312	0.00
FC1.1	1.3.2	12.88	0	0.00	0.1389311277535150421467075312	0.00
FC1.1	1.3.3	25.76	0	0.00	0.1389311277535150421467075312	0.00
FC1.1	1.3.4	10.31	0	0.00	0.1389311277535150421467075312	0.00

FC8.14	0	0	0	0	0

FC8.14	1.3.1	146.00	0	0.00	0.7690784907948954264248084364	0.00
FC8.14	1.3.2	12.88	0	0.00	0.7690784907948954264248084364	0.00
FC8.14	1.3.3	25.76	0	0.00	0.7690784907948954264248084364	0.00
FC8.14	1.3.4	10.31	0	0.00	0.7690784907948954264248084364	0.00

FC8.9	0	0	0	0	0

FC8.9	1.3.1	146.00	0	0.00	0.0919903814515895314284840324	0.00
FC8.9	1.3.2	12.88	0	0.00	0.0919903814515895314284840324	0.00
FC8.9	1.3.3	25.76	0	0.00	0.0919903814515895314284840324	0.00
FC8.9	1.3.4	10.31	0	0.00	0.0919903814515895314284840324	0.00
