ColaboresDescuentos	1957
ColaboradoresAplicaViatico	1957
MontoTotalDirectosSinE500Campo	0
TotalMontoDirectosE500Campo	0
TotalHorasDirectosE500Campo	0

1.3.1	0.00
1.3.2	0.00
1.3.3	0.00
1.3.4	0.00

FC1.1	0	0	0	0	0

FC1.1	1.3.1	146.00	0	0.00	0.0969426060088644347941088752	0.00
FC1.1	1.3.2	12.88	0	0.00	0.0969426060088644347941088752	0.00
FC1.1	1.3.3	25.76	0	0.00	0.0969426060088644347941088752	0.00
FC1.1	1.3.4	10.31	0	0.00	0.0969426060088644347941088752	0.00

FC10.28	0	0	0	0	0

FC10.28	1.3.1	146.00	0	0.00	0.0969426060088644347941088752	0.00
FC10.28	1.3.2	12.88	0	0.00	0.0969426060088644347941088752	0.00
FC10.28	1.3.3	25.76	0	0.00	0.0969426060088644347941088752	0.00
FC10.28	1.3.4	10.31	0	0.00	0.0969426060088644347941088752	0.00

FC5.2	0	0	0	0	0

FC5.2	1.3.1	146.00	0	0.00	0.2080781668680905133994208407	0.00
FC5.2	1.3.2	12.88	0	0.00	0.2080781668680905133994208407	0.00
FC5.2	1.3.3	25.76	0	0.00	0.2080781668680905133994208407	0.00
FC5.2	1.3.4	10.31	0	0.00	0.2080781668680905133994208407	0.00

FC8.14	0	0	0	0	0

FC8.14	1.3.1	146.00	0	0.00	0.5201954171702262834985521018	0.00
FC8.14	1.3.2	12.88	0	0.00	0.5201954171702262834985521018	0.00
FC8.14	1.3.3	25.76	0	0.00	0.5201954171702262834985521018	0.00
FC8.14	1.3.4	10.31	0	0.00	0.5201954171702262834985521018	0.00

FC8.9	0	0	0	0	0

FC8.9	1.3.1	146.00	0	0.00	0.077841203943954333513809307	0.00
FC8.9	1.3.2	12.88	0	0.00	0.077841203943954333513809307	0.00
FC8.9	1.3.3	25.76	0	0.00	0.077841203943954333513809307	0.00
FC8.9	1.3.4	10.31	0	0.00	0.077841203943954333513809307	0.00
