ColaboresDescuentos	1957
ColaboradoresAplicaViatico	1957
MontoTotalDirectosSinE500	0
TotalMontoDirectosE500Campo	0
TotalHorasDirectosE500Campo	0

1.3.1	0.00
1.3.2	0.00
1.3.3	0.00
1.3.4	0.00

FC10.28	0	0	0	0	0

FC10.28	1.3.1	146.00	0	0.00	0.9618823580662375709260408839	0.00
FC10.28	1.3.2	12.88	0	0.00	0.9618823580662375709260408839	0.00
FC10.28	1.3.3	25.76	0	0.00	0.9618823580662375709260408839	0.00
FC10.28	1.3.4	10.31	0	0.00	0.9618823580662375709260408839	0.00

FC5.2	0	0	0	0	0

FC5.2	1.3.1	146.00	0	0.00	0.0108907548382178368782740332	0.00
FC5.2	1.3.2	12.88	0	0.00	0.0108907548382178368782740332	0.00
FC5.2	1.3.3	25.76	0	0.00	0.0108907548382178368782740332	0.00
FC5.2	1.3.4	10.31	0	0.00	0.0108907548382178368782740332	0.00

FC8.14	0	0	0	0	0

FC8.14	1.3.1	146.00	0	0.00	0.0272268870955445921956850829	0.00
FC8.14	1.3.2	12.88	0	0.00	0.0272268870955445921956850829	0.00
FC8.14	1.3.3	25.76	0	0.00	0.0272268870955445921956850829	0.00
FC8.14	1.3.4	10.31	0	0.00	0.0272268870955445921956850829	0.00
