ColaboresDescuentos	1957
ColaboradoresAplicaViatico	1957
MontoTotalDirectosSinE500	0
TotalMontoDirectosE500Campo	0
TotalHorasDirectosE500Campo	0

1.3.1	0.00
1.3.2	0.00
1.3.3	0.00
1.3.4	0.00

FC1.1	0	0	0	0	0

FC1.1	1.3.1	146.00	0	0.00	0.0208528584817244611059044049	0.00
FC1.1	1.3.2	12.88	0	0.00	0.0208528584817244611059044049	0.00
FC1.1	1.3.3	25.76	0	0.00	0.0208528584817244611059044049	0.00
FC1.1	1.3.4	10.31	0	0.00	0.0208528584817244611059044049	0.00

FC10.28	0	0	0	0	0

FC10.28	1.3.1	146.00	0	0.00	0.8218302316240460570357477574	0.00
FC10.28	1.3.2	12.88	0	0.00	0.8218302316240460570357477574	0.00
FC10.28	1.3.3	25.76	0	0.00	0.8218302316240460570357477574	0.00
FC10.28	1.3.4	10.31	0	0.00	0.8218302316240460570357477574	0.00

FC5.2	0	0	0	0	0

FC5.2	1.3.1	146.00	0	0.00	0.0334716829562190386932654974	0.00
FC5.2	1.3.2	12.88	0	0.00	0.0334716829562190386932654974	0.00
FC5.2	1.3.3	25.76	0	0.00	0.0334716829562190386932654974	0.00
FC5.2	1.3.4	10.31	0	0.00	0.0334716829562190386932654974	0.00

FC8.14	0	0	0	0	0

FC8.14	1.3.1	146.00	0	0.00	0.0836792073905475967331637435	0.00
FC8.14	1.3.2	12.88	0	0.00	0.0836792073905475967331637435	0.00
FC8.14	1.3.3	25.76	0	0.00	0.0836792073905475967331637435	0.00
FC8.14	1.3.4	10.31	0	0.00	0.0836792073905475967331637435	0.00

FC8.9	0	0	0	0	0

FC8.9	1.3.1	146.00	0	0.00	0.0401660195474628464319185969	0.00
FC8.9	1.3.2	12.88	0	0.00	0.0401660195474628464319185969	0.00
FC8.9	1.3.3	25.76	0	0.00	0.0401660195474628464319185969	0.00
FC8.9	1.3.4	10.31	0	0.00	0.0401660195474628464319185969	0.00
