MontoTotalDirectosSinE500	0
TotalMontoDirectosE500Campo	477.6099999999999989
TotalHorasDirectosE500Campo	11.9999999999999990

1.3.1	7.963636363636362972727272729
1.3.2	1.4050909090909089738181818184
1.3.3	30.911999999999997424
1.3.4	12.371999999999998969

FC1.1	0	0	0	0	0

FC1.1	1.3.1	146.00	0	0.00	0.0370971481567354511342320805	0.2954281980481841135045044280
FC1.1	1.3.2	12.88	0	0.00	0.0370971481567354511342320805	0.0521248656282275531772331100
FC1.1	1.3.3	25.76	0	0.00	0.0370971481567354511342320805	1.1467470438210061698991284207
FC1.1	1.3.4	10.31	0	0.00	0.0370971481567354511342320805	0.4589659169951309631855595504

FC1.2	0	0	0	0	0

FC1.2	1.3.1	146.00	0	0.00	0.1500245153852450519361211008	1.1947406861588604958568405564
FC1.2	1.3.2	12.88	0	0.00	0.1500245153852450519361211008	0.2107980827085770299539192653
FC1.2	1.3.3	25.76	0	0.00	0.1500245153852450519361211008	4.6375578195886946589862238355
FC1.2	1.3.4	10.31	0	0.00	0.1500245153852450519361211008	1.8561033043462516278784148969

FC1.4	0	0	0	0	0

FC1.4	1.3.1	146.00	0	0.00	0.0150819064487342685605467491	0.1201068186281019832550889223
FC1.4	1.3.2	12.88	0	0.00	0.0150819064487342685605467491	0.0211914496428760759496650044
FC1.4	1.3.3	25.76	0	0.00	0.0150819064487342685605467491	0.4662118921432736708926300962
FC1.4	1.3.4	10.31	0	0.00	0.0150819064487342685605467491	0.1865933465837403550816388312

FC8.11	0	0	0	0	0

FC8.11	1.3.1	146.00	0	0.00	0.0231857175979596569588950503	0.1846426237801150709403152674
FC8.11	1.3.2	12.88	0	0.00	0.0231857175979596569588950503	0.0325780410176422207357706938
FC8.11	1.3.3	25.76	0	0.00	0.0231857175979596569588950503	0.7167169023881288561869552625
FC8.11	1.3.4	10.31	0	0.00	0.0231857175979596569588950503	0.2868536981219568519909747188

FC8.12	0	0	0	0	0

FC8.12	1.3.1	146.00	0	0.00	0.0201092085983123576170146469	0.1601424248374693073139327546
FC8.12	1.3.2	12.88	0	0.00	0.0201092085983123576170146469	0.0282552661905014339479925189
FC8.12	1.3.3	25.76	0	0.00	0.0201092085983123576170146469	0.6216158561910315468558354157
FC8.12	1.3.4	10.31	0	0.00	0.0201092085983123576170146469	0.2487911287783204677051111466

FC8.9	0	0	0	0	0

FC8.9	1.3.1	146.00	0	0.00	0.7545015038130132137931903724	6.0085756121836320018565908001
FC8.9	1.3.2	12.88	0	0.00	0.7545015038130132137931903724	1.0601432039030846600536012260
FC8.9	1.3.3	25.76	0	0.00	0.7545015038130132137931903724	23.323150485867862521179226969
FC8.9	1.3.4	10.31	0	0.00	0.7545015038130132137931903724	9.334692605174598703158300856
