ColaboresDescuentos	1957
ColaboradoresAplicaViatico	1957
MontoTotalDirectosSinE500Campo	0
TotalMontoDirectosE500Campo	0
TotalHorasDirectosE500Campo	0

1.3.1	0.00
1.3.2	0.00
1.3.3	0.00
1.3.4	0.00

FC10.28	0	0	0	0	0

FC10.28	1.3.1	146.00	0	0.00	0.497776453389662353988771863	0.00
FC10.28	1.3.2	12.88	0	0.00	0.497776453389662353988771863	0.00
FC10.28	1.3.3	25.76	0	0.00	0.497776453389662353988771863	0.00
FC10.28	1.3.4	10.31	0	0.00	0.497776453389662353988771863	0.00

FC8.14	0	0	0	0	0

FC8.14	1.3.1	146.00	0	0.00	0.4797098977106922359729498125	0.00
FC8.14	1.3.2	12.88	0	0.00	0.4797098977106922359729498125	0.00
FC8.14	1.3.3	25.76	0	0.00	0.4797098977106922359729498125	0.00
FC8.14	1.3.4	10.31	0	0.00	0.4797098977106922359729498125	0.00

FC8.9	0	0	0	0	0

FC8.9	1.3.1	146.00	0	0.00	0.0225136488996454100382783246	0.00
FC8.9	1.3.2	12.88	0	0.00	0.0225136488996454100382783246	0.00
FC8.9	1.3.3	25.76	0	0.00	0.0225136488996454100382783246	0.00
FC8.9	1.3.4	10.31	0	0.00	0.0225136488996454100382783246	0.00
